
    11    16
     8    10
     8    15
     1    15
     5     4
    11     9
     1    12
     6    13
    11     4
     8    11
    10    15
     6     7
     3    13
     2    10
     8    16
    14     5
     8    13
    16    10
     1     4
    12    10
    10     4
    14    10
     8    12
     8    12
    16    15
     1     5
     1     6
     1     2
    16     3
     8     5
     9     5
     5    10
    11     5
     2    11
     2    12
     2    13
     2     6
     2     7
     1     7
     1     8
     3     2
     2     4
    11     5
    16    13
    14    15
    16    14
    16    15
     1     2
     1     3
     1     4
    12    10
    13    10
    14    10
    15    10
    16    10
    11    12
    11    13
    11    14
    11    15
    16    11
    12    13
    12    14
    11    15
    16    11
    12    13
    12    14
    12    15
    16    12
    14    13
    13    15
    16    13
    14    15
    16    14
    16    15
     1     2
     1     3
     1     4
     1     5
     1     6
     1     7
     1     8
     1     9
     1    10
     1    11
     1    12
     1    13
     1    14
     1    15
     1    16
     2     3
     2     4
     2     5
     2     6
     2     7
     8     2
     9     2
     2    10
    11     2
    12     2
     2    13
     2    14
     2    15
    16     2
     3     4
     3     5
     3     6
     3     7
     8     3
     3     9
     3    10
     3    11
    12     3
     3    13
     3    14
     3    15
    16     3
     5     4
     6     4
     7     4
     8     4
     9     4
    10     4
    11     4
    12     4
     4    13
    14     4
     4    15
    16     4
     6     5
     5     7
     8     5
     9     5
     5    10
    11     5
    12     5
     5    13
    14     5
     5    15
    16     5
     6     7
     8     6
     6     9
     6    10
    11     6
    12     6
     6    13
    14     6
     6    15
    16     6
     8     7
     9     7
     7    10
    11     7
    12     7
     7    13
    14     7
     7    15
    16     7
     7     4
    11    15
    16    11
    10    15
     2    10
    12     4
    13    10
    16     2
     3     4
    12     7
     8    12
     1     7
     8     9
     8    15
    16     5
     6     7
     6    13
    16     2
     9     7
     1     8
    16    15
     5     7
    11     7
     2     5
     8     4
    11    12
     7    10
     5    15
     6    12
     3    15
     3    10
     2    14
     7     4
     1    14
    13    15
     6    10
     2    12
    12    14
    16    14
    12     9
     8     6
     2    13
    14     4
     6     5
     6    16
     1     3
     8     2
    16    12
    11     2
     3     4
     9    13
     3     7
     2     4
     8    14
     6    15
     8     9
     8     7
     3     6
     1     2
    16     4
     8     3
     3    14
     9    15
    16     9
     6    14
     3     2
    12    15
    11     5
     1    13
     9    10
    11    13
     3    11
    12    13
     9     5
    16    11
     8    10
     8    15
     1    15
     5     4
    11     9
     1    12
     6    13
    11     4
     8    11
    15    10
     6     7
     3    13
     2    10
     8    16
    14     5
     8    13
    16    10
     1     4
    12    10
    10     4
     1    16
    16     5
     8     5
    14    10
    13     4
     1    10
    16     7
    10    13
     6     4
     9     2
    16    13
    14     7
     2     7
     5    10
    13     7
     1    11
    12     5
    14    15
     3     5
     1     6
    14    13
     6     9
    14    11
     3    16
    15     4
     5    13
    11     6
     9     4
    16     2
     9     7
     8     1
    11    15
     2    15
     1     9
    12     4
    11    10
     6     2
     3    12
     7    15
     3     9
    12    15
    11     5
     1    13
     9    10
    14     4
     3     1
    11     7
    12     7
     8    15
     2    10
     9    13
    16     7
     9     8
     8    10
    11     8
    12     8
     8    13
     8    14
     8    15
     8    16
     9    10
     9    11
    12     9
     9    13
     9    14
     9    15
     2    11
     2    12
     2    13
     2    14
     2    15
     2    16
     3     4
     3     5
     3     6
    16     4
     6     5
     5    15
    16     5
     6     7
     6    10
    16    11
    12    13
    12    14
     3     6
     3     7
     8     3
     3     9
     3    10
     3    11
     3    12
     3    13
     3    14
     3    15
    16    12
    14    13
    13    15
    16    13
    14    15
    16    14
    16    15
     1     2
     1     3
     1     4
     1     5
     1     6
     1     7
     1     8
     1     9
     1    10
     1    11
     1    12
     1    13
     1    14
     1    15
    16     1
     2     3
     2     4
     2     5
     2     6
     2     7
     8     2
     2     9
     2    10
     2    11
     2    12
     2    13
     2    14
     2    15
     2    16
     3     4
     3     5
     6     3
     3     7
     8     3
     3     9
     3    10
    11     3
     3    12
     3    13
     3    14
     3    15
    16     3
     5     4
     6     4
     7     4
     8     4
     9     4
    10     4
    11     4
    12     4
    13     4
    14     4
    15     4
    16     4
     6     5
     5     7
     8     5
     9     7
     7    10
    11     7
    12     7
     7    13
    14     7
     8    16
     9    10
     9    11
    12     9
     9    13
     9    14
     9    15
     9    16
    11    10
    12    10
    13    10
    14    10
    15    10
    16    10
    12    11
    11    13
    11    14
    11    15
    16    11
    12    13
    12    14
    12    15
    16    12
    14    13
    13    15
    16    13
    14    15
    16    14
    16    15
     1     2
     1     3
     1     4
     1     5
     1     6
     1     7
     1     8
     1     9
     1    10
     1    11
     1    12
     1    13
     6     7
    14    13
    13    15
    16    13
    14    15
    16    14
    16    15
     2     1
     1     3
     1     7
     1     8
     3     7
    12    14
    12    15
    16    12
    14    13
    13    15
    16    13
    14    15
    16    14
    16    15
     1     2
     1     3
     1     4
     1     5
     1     6
     1     7
     1     8
     1     9
     1    10
    11     1
     1    12
     1    13
     1    14
     1    15
     1    16
     2     3
     2     4
     2     5
     6     2
     2     7
     8     2
     9     2
     2    10
    11     2
     2    12
     2    13
     2    14
     2    15
    16     2
     3     4
     3     5
     3     6
     3     7
     8     3
     3     9
     3    10
    11     3
     3    12
     3    13
     3    14
     3    15
    16     3
     5     4
     6     4
     7     4
     8     4
     9     4
     4    10
    11     4
    12     4
    13     4
    14     4
    15     4
    16     4
     6     5
     5     7
     8     5
     9     5
     5    10
    11     5
    12     5
     5    13
    14     5
     5    15
    16     5
     6     7
     8     6
     6     9
     6    10
     6    11
     6    12
     6    13
     6    14
     6    15
     6    16
     8     7
     9     7
     7    10
    11     7
    12     7
     7    13
    14     7
     7    15
    16     7
     8     9
     8    10
    11     8
     8    12
    14     7
     7    15
    16     7
     9     8
     8    10
    11     8
    12     8
     8    13
     8    14
     8    15
     8    16
     9    10
     9    11
    12     9
     9    13
     9    14
     9    15
     9    16
    11    10
    12    10
    13    10
    14    10
    15    10
    16    10
    12    11
    11    13
    11    14
    11    15
    11    16
    12    13
    12    14
    12    15
    12    16
    14    13
    13    15
    16    13
    14    15
    16    14
    16    15
     1     2
     1     3
     1     4
     1     5
     1     6
     1     7
     1     8
     1     9
     1    10
     1    11
     1    12
     1    13
     1    14
     1    15
     1    16
     2     3
     2     4
     2     5
     2     6
    14    15
    14    16
    16    15
     1     2
     1     3
     1     4
     1     5
     1     6
     1     7
     8     1
     1     9
     1    10
     1    11
     1    12
     1    13
     1    14
     1    15
    16     1
     3     2
     2     4
     2     5
     2     6
     2     7
     2     8
     2     9
     2    10
     2    11
    12     2
     2    13
     2    14
     2    15
     2    16
     3     4
     3     5
     3     6
     3     7
     8     3
     3     9
     3    10
     3    11
     3    12
     3    13
     3    14
     3    15
    16     3
     5     4
     6     4
     7     4
     8     4
     9     4
    10     4
    11     4
    12     4
    13     4
    14     4
     2     3
     3    15
     3    16
     5     4
     2     4
     2     5
     6     2
    12    14
    12    15
    16    12
    14    13
    13    15
    16    13
    14    15
    16    14
    16    15
     2     1
     1     3
     1     4
     1     5
     1     6
     1     7
     1     8
     1     9
     1    10
     1    11
    12     1
     1    13
     1    14
     1    15
     1    16
     3     2
     2     4
     2     5
     2     6
     2     7
     2     8
     9     2
     2    10
     2    11
     2    12
     2    13
     2    14
     2    15
     2    16
     3     4
     3     5
     3     6
     3     7
     3     8
     3     9
     3    10
    11     3
     3    12
     3    13
     3    14
     3    15
     3    16
     5     4
     6     4
     7     4
     8     4
     9     4
     4    10
    11     4
    12     4
    13     4
    14     4
    15     4
    16     4
     6     5
     5     7
     8     5
     9     5
     5    10
    11     5
    12     5
     5    13
    14     5
     5    15
     8    16
     9    10
    11     9
    12     9
     9    13
    14     4
    12    13
    12    14
    11    10
    12    10
     1    15
    13    15
    16    13
    11    14
    11    15
    11    16
    12    13
    12    14
    12    15
    16    12
    14    13
    13    15
    16    13
    14    15
    16    14
    16    15
     1     2
     1     3
     1     4
     1     5
     1     6
     1     7
     1     8
     1     9
     1    10
     1    11
     1    12
     1    13
     1    14
     1    15
     1    16
     2     3
     2     4
     2     5
     2     6
     2     7
     2     8
     2     9
     2    10
     2    11
     2    12
     2    13
     2    14
     2    15
    16     2
     3     4
     3     5
     3     6
     3     7
     3     8
     3     9
     3    10
    11     3
     3    12
     3    13
     3    14
     3    15
    16     3
     5     4
     6     4
     7     4
     8     4
     9     4
     4    10
    11     4
    12     4
    13     4
    14     4
    15     4
    16     4
     6     5
     5     7
     8     5
     9     5
     5    10
    11     5
    12     5
     5    13
    14     5
     5    15
    16     5
     6     7
     8     6
     6     9
     6    10
     6    11
     6    12
     6    13
    14     6
     6    15
     6    16
    13     7
     3    10
    11     3
     3    12
     3    13
     3    14
     3    15
    11     7
     1     9
     1    10
     1    11
     1    12
     1    13
     1    14
     1    15
     2    11
     2    12
    16    10
    11    12
     1    16
     3     2
     9    10
     2     7
     8     2
     2     9
    12    13
    12    14
    12    15
    16    12
    14    13
     1    10
     6    14
     6    15
    16     6
     8     7
     9     7
     7    10
     8     4
    12     1
     1    13
     1    14
     1    15
    16     1
     3     2
     2     4
     2     5
     6     2
     2     7
     8     2
     2     9
     2    10
     2    11
     2    12
     2    13
     2    14
     2    15
    14    12
    12    15
    14    11
    11    15
    16    11
    12    13
    12    14
    12    15
    16    12
    14    13
    13    15
    16    13
    14    15
    16    14
    16    15
     1     2
     1     3
     1     4
     1     5
     1     6
     1     7
     8     1
     1     9
     1    10
    11     1
    12     1
     1    13
     1    14
     1    15
    16     1
     3     2
     2     4
     2     5
     2     6
     2     7
     2     8
     2     9
     2    10
    11     2
    12     2
     2    13
     2    14
     2    15
    16     2
     3     4
     3     5
     3     6
     3     7
     8     3
     3     9
     3    10
     3    11
    12     3
     3    13
     3    14
     3    15
     3    16
     5     4
     6     4
     7     4
     8     4
     9     4
     4    10
    11     4
    12     4
    13     4
    14     4
    15     4
    16     4
     6     5
     5     7
     8     5
     9     5
     5    10
    11     5
    12     5
     5    13
    14     5
     5    15
    16     5
     6     7
     8     6
     6     9
     6    10
     6    11
     6    12
     6    13
    14     6
     6    15
    16     6
     8     7
     9     7
     7    10
    11     7
    12     7
     7    13
    14     7
     7    15
    16     7
     8     9
     8    10
    11     8
    12     8
     8    13
     8    14
     8    15
    13    10
     5     7
     3     1
    13    10
    14    10
    15    10
     6     4
     5     4
    11     8
     3    14
     3    15
    16     3
     5     4
     6     4
     7     4
     8     4
     9     4
    10     4
    11     4
    12     4
    13     4
    14     4
     4    15
    16     4
     6     5
     5     7
     8     5
     9     5
     5    10
    11     5
    12     5
    13     5
    12    10
    16    12
    14    13
    13    15
    16    13
    14    15
    16    14
    16    15
     1     2
     1     3
     1     4
     1     5
     1     6
     1     7
     8     1
     9     1
     1    10
    11     1
     1    12
     1    13
     1    14
     1    15
     1    16
     2     3
     2     4
     2     5
     2     6
     2     7
     2     8
     2     9
     2    10
     2    11
    12     2
     2    13
     2    14
     2    15
     2    16
     3     4
     3     5
     6     3
     3     7
     3     8
     9     3
     3    10
    11     3
    12     3
     3    13
     3    14
     3    15
    16     3
     5     4
     6     4
     7     4
     8     4
     9     4
    10     4
    11     4
    12     4
    13     4
    14     4
     4    15
    16     4
     6     5
     5     7
     8     5
     9     5
     5    10
    11     5
    12     5
     5    13
    14     5
     1    13
    11     9
    12     9
     9    13
     9    14
     9    15
    16     9
    11    10
     9     5
     5    10
    11     5
    12     5
     5    13
    14     5
     5    15
    16     5
     6     7
     8     6
     6     9
     6    10
     6    11
     6    12
     6    13
     2    12
    15     4
     3    10
     3    11
    12     3
     3    13
     3    14
     3    15
    16     3
     5     4
     6     4
     7     4
     8     4
     9     4
     4    10
    11     4
    12     4
    13     4
    14     4
     4    15
    16     4
     6     5
     5     7
     8     5
     9     5
     5    10
    11     5
    12     5
    13     5
    14     5
     5    15
    16     5
     6     7
     8     6
     6     9
     6    10
     6    11
     6    12
     6    13
     6    14
     6    15
     6    16
     8     7
     9     7
     7    10
    11     7
    12     7
     7    13
    14     7
     7    15
    16     7
     6     5
     5     7
     8     5
     9     5
     5    10
    11     5
    12     5
     5    13
     6    12
     6    13
    14     6
     6    15
    16     6
     8     7
     9     7
    10     4
    11     4
    11    15
    11     8
     8    12
     6     5
     5     7
     1     3
     1     4
     1     5
     1     6
     1     7
     1     8
     1     9
     1    10
     1    11
     1    12
     1    13
     1    14
     6     5
     5     7
     8     5
     9     5
     5    10
    11     5
    12     5
     5    13
     5    14
     6    16
     8     7
    16    12
    14    13
    13    15
    16    13
    14    15
    16    14
    16    15
     2     1
     1     3
     1     4
     1     5
     3     7
    16    14
     9     7
     3    14
     3    15
    16     3
     5     4
     6     4
     7     4
     8     4
     9     4
     4    10
    11     4
    12     4
    13     4
    13     5
    16     4
     6     5
     6    12
     3    15
     3    10
     2    14
     7     4
     1    14
    13    15
     6    10
     2    12
    12    14
    16    14
    12     9
     8     6
     2    13
    14     4
     6     5
    16     6
     1     3
     8     2
    16    12
    11     2
     3     4
     9    13
     3     7
     2     4
     8    14
     6    15
     8     9
     8     7
     3     6
     1     2
    16     4
     8     3
     1     5
     1     6
     1     7
     1     8
     1     9
     1    10
     1    11
     1    12
     1    13
    11    14
    11    15
    12    14
     8     1
     6     5
    16     4
     6     5
     5     7
     8     5
     9     5
     5    10
    11     5
    12     5
     5    13
     6    12
     6    13
    14     6
     6    15
    16     6
     8     7
     9     7
    10     7
    11     7
    14     7
     7    15
     9    16
    16    11
    16    14
    16    15
     1     2
     1     3
    11    10
    10     7
    11     7
    12     7
    13     7
    14     7
     7    15
    16     7
     8     9
     8    10
     8    11
     8    12
     8    13
     8    14
     8    15
     1     7
    12     7
    16    15
     3     1
     2    13
     2    14
     2    15
    16     2
     6    13
     6    14
     5    15
    16     5
     6     7
     9    10
    11     9
    12     9
     9    13
     9    14
     9    15
    16     9
    11    10
    12    10
    13    10
    14    10
    10    15
    16    10
    12    11
    11    13
    11    14
    11    15
    16    11
    12    13
    14    12
    12    15
    16    12
     7    15
    16     7
     8     9
     8    10
     8    11
     8    12
     8    13
    16     5
     6     7
     6     8
     6     9
     6    10
     6    11
     6    12
     6    13
    14     6
     6    15
     6    16
     8     7
     9     7
     3    12
     3    13
     3    14
     3    15
    16     3
     5     4
     6     4
     7     4
     8     4
     9     4
    10     4
    11     4
    12     4
    13     4
    14     4
     4    15
    16     4
     6     5
     5     7
     8     5
     9     5
     5    10
    11     5
    12     5
    13     5
    14     5
     5    15
    16     5
     6     7
     8     6
     6     9
     6    10
    11     6
    11     4
     3    10
    12    13
    12    14
    12    15
    16    12
    14    13
    13    15
    16    13
    14    15
    16    14
    16    15
     2     1
     1     3
     3    13
     3    14
     3    15
     3    16
     5     4
     6     4
     7     4
     8     4
     9     4
    10     4
    11     4
    12     4
    13     4
    14     4
    15     4
    16     4
     6     5
     5     7
     8     5
     9     5
     5    10
    11     5
    12     5
    13     5
    14     5
     5    15
    16     5
     6     7
     6     8
     9     6
     6    10
     6    11
     6    12
     6    13
     6    14
     6    15
     6    16
     8     7
     9     7
     7    10
    11     7
    11     1
     5    15
    16     5
     6     7
     8     6
     6     9
    16     5
     8     5
    14    10
    13     4
     1    10
    16     7
    10    13
     6     4
     9     2
    16    13
    14     7
     2     7
     5    10
    13     7
     1    11
    12     5
    14    15
     3     5
     1     6
    14    13
     6     9
    14    11
     3    16
    15     4
     5    13
    11     6
     9     4
    16     2
     9     7
     8     1
    11    15
     2    15
     1     9
    13    15
    13     7
    13     5
    14     5
     5    15
    13    15
    16    13
    14    15
    16    14
    16    15
     2     1
     1     3
     1     4
    16     7
     9     8
     8    10
     8    11
    12     8
     8    13
     8    14
     8    15
     8    16
     9    10
     1     8
     9    13
    14     9
     9    15
    16    15
     1     2
     3     5
     3     6
     3     7
     3     8
     3     9
     8     6
     7     4
     8    15
     8    16
     2    14
     2    15
     2    16
     3     4
    16     7
     6    14
    12     4
    13     4
    14     4
     4    15
    16     4
     6     5
     5     7
     8     5
     9     5
     5    10
    11     5
    12     5
     5    13
     8    14
     8    15
     1    10
     6     4
     7     4
     9     4
    10     4
    11     4
    12     4
    13     4
    14     4
    15     4
    16     4
     6     5
     5     7
     8     5
     9     5
     5    10
    11     5
    12     5
     5    13
    14     5
     5    15
    16     5
     6     7
     8     6
     6     9
     6    10
    11     6
     6    12
     6    13
    14     6
     6    15
    16     6
     8     7
    16     6
     8     7
     8     7
     1    15
    11     5
    16    15
     1     2
    14     4
    15     4
     8    15
    16    12
     1    15
     1    16
     2     3
     2     4
     2     5
     2     6
     2     7
     8     6